91.910004
74.447105
90.081001
72.965607
73.695259
74.432213
75.176537
90.963608
73.680519
59.681221
60.278034
48.825207
39.548416
39.943901
40.343342
40.746777
41.154243
49.796635
50.294601
50.797546
61.465031
62.079681
75.116417
60.844296
49.283878
49.776718
60.229828
48.786160
39.516788
32.008598
25.926964
26.186234
26.448095
26.712576
32.322216
32.645439
26.442806
21.418673
25.916594
31.359077
31.672668
38.323929
38.707169
46.835674
47.304031
57.237877
46.362679
56.098843
67.879601
54.982475
55.532299
44.981163
36.434742
36.799088
44.526897
44.972168
45.421890
45.876110
46.334869
46.798218
56.625843
57.192101
57.764023
69.894470
70.593414
57.180664
57.752472
46.779503
37.891396
30.692030
24.860544
25.109150
20.338411
20.541796
24.855574
20.133015
20.334345
16.470819
16.635529
16.801884
16.969902
13.745621
11.133953
9.018502
7.304987
7.378037
7.451818
7.526336
9.106866
11.019308
13.333363
10.800024
13.068029
13.198709
13.330696
13.464003
10.905842
13.196069
13.328030
13.461310
13.595923
16.451067
19.905790
16.123690
13.060188
15.802828
19.121422
23.136921
18.740906
18.928314
22.903261
18.551641
22.447487
27.161459
22.000782
22.220789
22.442997
18.178827
14.724850
11.927128
12.046399
9.757584
11.806676
11.924743
12.043990
12.164430
9.853189
11.922359
14.426054
11.685103
11.801954
14.280365
11.567096
11.682767
9.463041
11.450280
9.274727
7.512529
6.085148
6.146000
4.978260
5.028043
5.078323
5.129107
4.154576
5.027037
6.082715
4.926999
3.990869
4.828952
3.911451
3.950565
4.780184
4.827986
5.841863
7.068655
8.553072
6.927988
5.611670
6.790122
5.499999
4.454999
3.608549
4.366344
3.536739
4.279454
5.178140
4.194293
3.397377
2.751876
2.229019
1.805506
1.823561
1.841796
1.491855
1.506773
1.220487
0.988594
1.196199
1.447401
1.461875
1.476493
1.786557
1.804422
1.461582
1.183882
1.195720
1.207677
0.978219
1.183645
0.958752
0.968340
0.978023
0.987803
1.195242
1.446243
1.171457
1.183171
1.195003
1.206953
1.460413
1.475017
1.194764
1.445664
1.460121
1.474722
1.489470
1.206470
1.459829
1.474427
1.489172
1.801898
1.819917
1.838116
1.856497
1.875062
1.893813
1.533988
1.242530
1.006450
0.815224
0.823376
0.666935
0.806991
0.653663
0.660199
0.798841
0.806830
0.653532
0.660067
0.798682
0.806668
0.814735
0.822882
0.666535
0.673200
0.545292
0.659803
0.798362
0.966018
0.975678
1.180571
1.428491
1.442775
1.457203
1.180335
0.956071
0.774418
0.627278
0.759007
0.614795
0.620943
0.502964
0.608587
0.736390
0.743754
0.602440
0.608465
0.614550
0.620695
0.751041
0.758551
0.917847
1.110595
0.899582
0.908578
0.735948
0.890497
0.899402
1.088277
1.099159
1.329983
1.343283
1.088059
1.098940
0.890141
0.899042
1.087841
1.098720
1.329451
1.608636
1.302995
1.316025
1.065980
0.863444
1.044767
1.055215
1.276810
1.289578
1.302474
1.575993
1.591753
1.607671
1.302213
1.315235
1.328388
1.341672
1.355088
1.368639
1.108598
